0 0.409404 0.675196 0.059088 0.113839
0 0.284803 0.690958 0.060635 0.132798
0 0.340657 0.542937 0.051362 0.061988
0 0.850834 0.694010 0.089528 0.083176
0 0.521507 0.653724 0.071311 0.110244
0 0.267226 0.587082 0.047432 0.076534
0 0.700339 0.598926 0.066692 0.071313
0 0.715334 0.513648 0.055374 0.059791
0 0.774733 0.870425 0.118640 0.148326
0 0.456190 0.604010 0.051345 0.077173
0 0.576259 0.483080 0.050878 0.052884
0 0.877777 0.645662 0.082675 0.071259
0 0.246946 0.907265 0.098728 0.153558
0 0.366020 0.424789 0.040149 0.047311
0 0.313868 0.415054 0.029776 0.041588
