0 0.811194 0.676154 0.085026 0.082905
0 0.682724 0.721696 0.086206 0.128090
0 0.522503 0.693177 0.066523 0.116263
0 0.676911 0.580739 0.062205 0.066807
0 0.929126 0.608489 0.083604 0.075292
0 0.397577 0.657530 0.069683 0.137248
0 0.596526 0.529817 0.038639 0.048929
0 0.610259 0.474090 0.050345 0.051621
0 0.447281 0.573407 0.053781 0.065831
0 0.979399 0.580127 0.041131 0.071691
0 0.936516 0.692205 0.085643 0.076542
0 0.282737 0.782075 0.078514 0.169508
0 0.840419 0.959720 0.047196 0.068265
0 0.663154 0.476288 0.043754 0.030856
