0 0.528714 0.726481 0.068360 0.103101
0 0.718423 0.604092 0.064615 0.080348
0 0.850079 0.562398 0.061765 0.079156
0 0.778000 0.561988 0.068000 0.090000
0 0.276936 0.604684 0.046837 0.076675
0 0.456924 0.587202 0.055905 0.070339
0 0.591595 0.522206 0.036220 0.047974
0 0.386321 0.626482 0.060341 0.094065
0 0.482927 0.471917 0.041498 0.029515
0 0.575606 0.480160 0.052034 0.051050
0 0.613721 0.476445 0.036589 0.034630
0 0.306184 0.413298 0.020097 0.019600
0 0.482750 0.459971 0.040455 0.051069
0 0.812000 0.940000 0.145000 0.095000
0 0.430000 0.940000 0.115000 0.095000
0 0.812000 0.940000 0.145000 0.095000
0 0.430000 0.940000 0.115000 0.095000
