0 0.709702 0.551837 0.060693 0.062006
0 0.821997 0.559023 0.068780 0.055762
0 0.424320 0.566545 0.052338 0.080406
0 0.301058 0.650079 0.051660 0.093062
0 0.332496 0.536982 0.043036 0.062359
0 0.778437 0.655233 0.084591 0.071559
0 0.567645 0.498556 0.055549 0.091250
0 0.800609 0.506881 0.063303 0.047664
0 0.682033 0.497558 0.052504 0.052875
0 0.565293 0.478838 0.051895 0.052150
0 0.258870 0.546070 0.041851 0.098819
0 0.955601 0.604548 0.060477 0.070997
0 0.505000 0.425000 0.105000 0.070000
0 0.650000 0.435000 0.125000 0.075000
0 0.630000 0.865000 0.115000 0.165000
0 0.505000 0.425000 0.105000 0.070000
0 0.650000 0.435000 0.125000 0.075000
0 0.630000 0.865000 0.115000 0.165000
