0 0.635225 0.557437 0.058966 0.051932
0 0.772848 0.652860 0.078310 0.090573
0 0.814421 0.519590 0.059912 0.057922
0 0.768797 0.568943 0.067368 0.067309
0 0.608122 0.889686 0.110722 0.182302
0 0.275811 0.707997 0.062690 0.101277
0 0.271942 0.815000 0.080514 0.130000
0 0.686523 0.742691 0.090187 0.116343
0 0.497333 0.481385 0.042759 0.038727
0 0.462691 0.949440 0.114289 0.095063
0 0.326353 0.416857 0.034862 0.035866
0 0.538366 0.471200 0.017858 0.025174
0 0.762921 0.409319 0.037430 0.050424
0 0.965620 0.707659 0.064384 0.065286
