0 0.597603 0.826567 0.094048 0.139771
0 0.498114 0.628718 0.066483 0.102188
0 0.766157 0.642270 0.077370 0.085103
0 0.920130 0.651621 0.100235 0.102768
0 0.703903 0.503556 0.056859 0.056692
0 0.628616 0.510549 0.052250 0.047589
0 0.650827 0.573157 0.051415 0.038819
0 0.467349 0.438739 0.040353 0.050367
0 0.308668 0.521280 0.039962 0.057473
0 0.544996 0.502130 0.044729 0.050041
0 0.657920 0.699176 0.088590 0.113535
0 0.401007 0.677454 0.060999 0.114971
0 0.443542 0.502951 0.049436 0.066770
0 0.426200 0.434783 0.024464 0.028345
0 0.369401 0.587650 0.046730 0.076749
0 0.390770 0.585009 0.090309 0.082125
0 0.352504 0.413268 0.024747 0.037477
0 0.824801 0.925006 0.050757 0.122078
