0 0.830717 0.612059 0.071616 0.062128
0 0.985582 0.636269 0.028381 0.087574
0 0.639146 0.561511 0.038600 0.050624
0 0.307410 0.529329 0.047025 0.072644
0 0.239655 0.521170 0.040266 0.063155
0 0.382115 0.624202 0.050770 0.077228
0 0.340459 0.421073 0.031585 0.039020
0 0.668083 0.521963 0.043828 0.044937
0 0.423812 0.421686 0.037073 0.034129
0 0.507134 0.464467 0.040363 0.037974
0 0.874938 0.697777 0.079162 0.081987
0 0.273970 0.825000 0.085638 0.118000
0 0.853081 0.942497 0.107054 0.108272
0 0.432000 0.885000 0.098000 0.152000
0 0.598000 0.640000 0.072000 0.092000
0 0.432000 0.885000 0.098000 0.152000
0 0.598000 0.640000 0.072000 0.092000
