0 0.476269 0.632668 0.059900 0.081889
0 0.700044 0.537702 0.057027 0.058629
0 0.736105 0.518407 0.052776 0.050616
0 0.285623 0.625568 0.053943 0.103528
0 0.616545 0.497653 0.051567 0.059648
0 0.842540 0.615935 0.072777 0.069440
0 0.778334 0.642961 0.087621 0.117105
0 0.262273 0.898535 0.121720 0.191661
0 0.552842 0.472126 0.052292 0.055602
0 0.292566 0.503793 0.040143 0.049762
0 0.623311 0.679703 0.078012 0.101849
0 0.438080 0.582190 0.048576 0.062818
0 0.205137 0.473781 0.026140 0.029672
0 0.338209 0.525937 0.062268 0.090023
0 0.990822 0.642310 0.018023 0.058021
